time
0.082
0.09
0.091
0.086
0.088
0.098
0.092
0.089
0.095
0.109
0.097
0.091
0.085
0.1
0.095
0.094
0.093
0.092
0.099
0.099
0.091
0.09
0.097
0.086
0.087
0.083
0.089
0.082
0.083
0.08
0.081
0.084
0.081
0.08
0.084
0.102
0.097
0.133
0.101
0.1
0.108
0.121
0.11
0.092
0.087
0.096
0.081
0.09
0.086
0.088
0.091
0.087
0.107
0.085
0.094
0.083
0.099
0.083
0.083
0.085
0.082
0.089
0.082
0.085
0.087
0.085
0.092
0.081
0.088
0.081
0.09
0.086
0.081
0.088
0.083
0.098
0.079
0.081
0.088
0.084
0.092
0.081
0.092
0.083
0.081
0.085
0.08
0.085
0.085
0.081
0.085
0.082
0.086
0.08
0.088
0.08
0.081
0.084
0.081
0.091
0.082
0.082
0.085
0.082
0.092
0.083
0.08
0.092
0.081
0.085
0.082
0.087
0.084
0.082
0.089
0.082
0.087
0.088
0.086
0.085
0.082
0.09
0.083
0.084
0.085
0.087
0.089
0.08
0.085
0.081
0.084
0.085
0.081
0.086
0.083
0.087
0.086
0.081
0.091
0.082
0.092
0.082
0.081
0.086
0.081
0.086
0.082
0.083
0.086
0.083
0.085
0.081
0.081
0.08
0.076
0.082
0.075
0.073
0.079
0.077
0.078
0.078
0.072
0.084
0.079
0.079
0.077
0.072
0.079
0.075
0.072
0.076
0.074
0.075
0.086
0.073
0.082
0.08
0.084
0.084
0.081
0.081
0.075
0.073
0.089
0.08
0.086
0.081
0.082
0.085
0.079
0.089
0.084
0.088
0.085
0.08
0.086
0.08
0.09
0.08
0.079
0.086
0.08
0.092
0.082
0.081
0.082
0.08
0.091
0.081
0.082
0.087
0.082
0.084
0.08
0.084
0.08
0.081
0.088
0.074
0.082
0.075
0.079
0.091
0.082
0.092
0.083
0.082
0.088
0.082
0.083
0.08
0.083
0.083
0.078
0.083
0.073
0.074
0.076
0.072
0.081
0.074
0.073
0.08
0.073
0.079
0.083
0.072
0.077
0.074
0.074
0.08
0.072
0.073
0.075
0.072
0.08
0.074
0.077
0.089
0.081
0.089
0.087
0.079
0.089
0.082
0.095
0.075
0.074
0.08
0.079
0.077
0.074
0.073
0.08
0.078
0.076
0.081
0.073
0.078
0.076
0.072
0.082
0.074
0.075
0.076
0.071
0.08
0.079
0.074
0.089
0.082
0.089
0.082
0.08
0.083
0.083
0.093
0.086
0.082
0.087
0.081
0.085
0.082
0.08
0.074
0.072
0.078
0.078
0.071
0.081
0.074
0.078
0.082
0.083
0.088
0.082
0.087
0.082
0.083
0.092
0.083
0.086
0.082
0.089
0.081
0.081
0.086
0.082
0.085
0.08
0.08
0.093
0.081
0.092
0.081
0.083
0.082
0.08
0.087
0.08
0.082
0.074
0.071
0.082
0.08
0.073
0.08
0.072
0.073
0.079
0.071
0.077
0.08
0.078
0.088
0.076
0.081
0.082
0.074
0.086
0.073
0.077
0.082
0.081
0.086
0.08
0.083
0.09
0.08
0.098
0.08
0.085
0.08
0.081
0.093
0.08
0.081
0.074
0.072
0.08
0.073
0.074
0.079
0.076
0.086
0.079
0.08
0.089
0.08
0.094
0.08
0.081
0.08
0.081
0.086
0.074
0.08
0.082
0.08
0.085
0.082
0.086
0.082
0.081
0.084
0.082
0.099
0.081
0.084
0.081
0.078
0.081
0.072
0.078
0.084
0.072
0.079
0.08
0.074
0.082
0.072
0.079
0.08
0.075
0.083
0.076
0.074
0.083
0.073
0.078
0.081
0.087
0.083
0.072
0.077
0.074
0.069
0.08
0.072
0.073
0.08
0.077
0.084
0.088
0.081
0.085
0.082
0.088
0.08
0.083
0.087
0.082
0.085
0.081
0.086
0.089
0.086
0.09
0.081
0.099
0.08
0.083
0.084
0.081
0.093
0.081
0.085
0.088
0.088
0.09
0.087
0.093
0.086
0.089
0.088
0.087
0.091
0.084
0.088
0.086
0.086
0.087
0.084
0.091
0.086
0.089
0.089
0.091
0.087
0.085
0.098
0.085
0.094
0.085
0.087
0.086
0.087
0.082
0.082
0.083
0.08
0.081
0.087
0.08
0.092
0.082
0.082
0.084
0.085
0.091
0.081
0.088
0.08
0.096
0.079
0.08
0.089
0.082
0.088
0.081
0.082
0.085
0.083
0.091
0.082
0.085
0.084
0.084
0.089
0.081
0.083
0.081
0.082
0.087
0.081
0.085
0.08
0.083
0.084
0.096
0.089
0.082
0.083
0.083
0.084
0.088
0.081
0.086
0.081
0.086
0.084
0.082
0.089
0.085
0.086
0.085
0.084
0.09
0.08
0.094
0.081
0.086
0.082
0.086
0.089
0.081
0.083
0.083
0.083
0.088
0.08
0.086
0.082
0.091
0.089
0.088
0.092
0.087
0.089
0.088
0.094
0.087
0.085
0.091
0.084
0.088
0.088
0.091
0.086
0.083
0.087
0.081
0.093
0.081
0.092
0.084
0.082
0.096
0.085
0.103
0.085
0.095
0.086
0.086
0.093
0.087
0.091
0.08
0.099
0.086
0.082
0.081
0.076
0.086
0.08
0.085
0.076
0.087
0.095
0.071
0.076
0.086
0.08
0.085
0.075
0.076
0.085
0.083
0.08
0.073
0.079
0.08
0.074
0.088
0.082
0.081
0.087
0.08
0.086
0.082
0.088
0.086
0.081
0.095
0.08
0.089
0.086
0.081
0.081
0.082
0.083
0.073
0.075
0.081
0.081
0.095
0.077
0.078
0.087
0.086
0.082
0.082
0.081
0.081
0.081
0.089
0.086
0.101
0.092
0.088
0.085
0.08
0.084
0.08
0.095
0.082
0.078
0.083
0.073
0.08
0.077
0.076
0.078
0.071
0.07
0.082
0.073
0.074
0.077
0.073
0.078
0.078
0.076
0.087
0.085
0.078
0.078
0.076
0.084
0.075
0.077
0.08
0.082
0.089
0.081
0.083
0.081
0.081
0.09
0.081
0.09
0.082
0.082
0.088
0.08
0.083
0.086
0.09
0.081
0.08
0.085
0.083
0.09
0.083
0.089
0.107
0.08
0.098
0.083
0.097
0.081
0.092
0.08
0.081
0.086
0.081
0.088
0.081
0.08
0.086
0.077
0.077
0.074
0.073
0.088
0.074
0.076
0.079
0.071
0.081
0.091
0.084
0.084
0.08
0.084
0.077
0.081
0.08
0.077
0.079
0.074
0.08
0.107
0.081
0.09
0.076
0.077
0.076
0.071
0.078
0.072
0.074
0.077
0.074
0.075
0.076
0.071
0.077
0.079
0.071
0.084
0.077
0.078
0.079
0.072
0.076
0.076
0.072
0.078
0.072
0.074
0.078
0.08
0.099
0.08
0.078
0.075
0.076
0.088
0.081
0.083
0.096
0.084
0.101
0.085
0.094
0.082
0.085
0.081
0.083
0.096
0.081
0.088
0.08
0.104
0.099
0.093
0.088
0.089
0.089
0.083
0.09
0.082
0.087
0.088
0.084
0.087
0.084
0.098
0.088
0.094
0.111
0.095
0.09
0.083
0.088
0.091
0.098
0.081
0.084
0.082
0.082
0.085
0.081
0.085
0.08
0.08
0.09
0.088
0.097
0.081
0.086
0.081
0.081
0.086
0.08
0.084
0.081
0.081
0.084
0.082
0.084
0.081
0.083
0.093
0.081
0.09
0.082
0.084
0.082
0.079
0.083
0.082
0.089
0.08
0.079
0.084
0.08
0.086
0.079
0.082
0.094
0.081
0.098
0.082
0.085
0.082
0.083
0.088
0.069
0.073
0.074
0.071
0.075
0.072
0.072
0.078
0.073
0.069
0.096
0.078
0.079
0.08
0.08
0.077
0.075
0.081
0.079
0.082
0.088
0.08
0.084
0.083
0.082
0.086
0.085
0.109
0.085
0.094
0.083
0.087
0.091
0.08
0.093
0.08
0.084
0.081
0.081
0.086
0.079
0.077
0.074
0.079
0.095
0.08
0.089
0.081
0.079
0.083
0.082
0.088
0.08
0.081
0.083
0.081
0.093
0.079
0.083
0.085
0.08
0.091
0.08
0.09
0.082
0.083
0.086
0.085
0.109
0.08
0.088
0.076
0.078
0.082
0.079
0.085
0.087
0.091
0.087
0.085
0.097
0.085
0.086
0.081
0.082
0.088
0.093
0.092
0.08
0.089
0.08
0.082
0.088
0.091
0.104
0.081
0.09
0.099
0.094
0.103
0.103
0.091
0.091
0.076
0.074
0.08
0.07
0.073
0.082
0.089
