time
0.075
0.075
0.088
0.083
0.083
0.08
0.086
0.081
0.077
0.077
0.075
0.081
0.086
0.089
0.087
0.086
0.083
0.089
0.1
0.088
0.086
0.087
0.09
0.09
0.081
0.085
0.08
0.084
0.082
0.081
0.084
0.081
0.086
0.079
0.08
0.081
0.079
0.084
0.079
0.079
0.082
0.079
0.084
0.083
0.081
0.084
0.079
0.086
0.079
0.079
0.082
0.081
0.085
0.081
0.08
0.079
0.08
0.083
0.08
0.079
0.085
0.081
0.081
0.072
0.07
0.073
0.069
0.068
0.072
0.069
0.066
0.074
0.076
0.083
0.079
0.079
0.079
0.07
0.071
0.077
0.069
0.071
0.073
0.067
0.07
0.07
0.07
0.073
0.071
0.064
0.072
0.069
0.069
0.073
0.071
0.07
0.076
0.069
0.07
0.078
0.07
0.072
0.073
0.07
0.08
0.079
0.079
0.079
0.079
0.08
0.079
0.08
0.081
0.079
0.08
0.082
0.079
0.086
0.079
0.08
0.082
0.08
0.079
0.079
0.079
0.077
0.08
0.08
0.08
0.08
0.079
0.079
0.085
0.08
0.08
0.085
0.079
0.08
0.08
0.081
0.08
0.08
0.079
0.08
0.079
0.083
0.08
0.079
0.082
0.079
0.084
0.081
0.079
0.084
0.08
0.081
0.079
0.079
0.08
0.079
0.08
0.079
0.079
0.08
0.08
0.081
0.08
0.079
0.082
0.079
0.081
0.08
0.079
0.083
0.085
0.079
0.08
0.08
0.079
0.08
0.072
0.071
0.07
0.072
0.069
0.066
0.073
0.072
0.071
0.081
0.084
0.079
0.085
0.08
0.081
0.082
0.081
0.081
0.08
0.081
0.08
0.081
0.084
0.08
0.081
0.081
0.072
0.079
0.073
0.071
0.075
0.072
0.067
0.073
0.07
0.074
0.079
0.079
0.081
0.079
0.079
0.087
0.081
0.084
0.081
0.08
0.085
0.079
0.088
0.08
0.079
0.079
0.08
0.079
0.081
0.079
0.08
0.08
0.08
0.079
0.079
0.081
0.079
0.081
0.083
0.08
0.082
0.081
0.08
0.082
0.079
0.078
0.079
0.08
0.081
0.08
0.081
0.079
0.079
0.084
0.08
0.083
0.081
0.08
0.084
0.081
0.08
0.08
0.08
0.081
0.079
0.079
0.08
0.081
0.081
0.081
0.078
0.079
0.08
0.084
0.08
0.081
0.08
0.079
0.082
0.079
0.081
0.08
0.079
0.08
0.08
0.079
0.085
0.079
0.083
0.081
0.079
0.084
0.08
0.083
0.079
0.082
0.08
0.079
0.081
0.08
0.081
0.08
0.079
0.08
0.079
0.08
0.079
0.078
0.083
0.082
0.079
0.084
0.078
0.08
0.081
0.082
0.08
0.079
0.081
0.08
0.079
0.081
0.079
0.08
0.079
0.08
0.082
0.081
0.081
0.083
0.079
0.081
0.079
0.08
0.079
0.079
0.083
0.079
0.079
0.08
0.092
0.078
0.078
0.08
0.079
0.081
0.086
0.079
0.079
0.082
0.086
0.084
0.08
0.083
0.082
0.081
0.083
0.079
0.085
0.082
0.079
0.087
0.08
0.083
0.08
0.081
0.083
0.081
0.083
0.081
0.08
0.08
0.079
0.081
0.08
0.079
0.081
0.08
0.081
0.083
0.081
0.081
0.08
0.079
0.08
0.079
0.08
0.079
0.08
0.082
0.086
0.082
0.08
0.081
0.08
0.08
0.086
0.08
0.08
0.081
0.079
0.071
0.072
0.07
0.072
0.069
0.07
0.072
0.07
0.073
0.083
0.079
0.081
0.079
0.08
0.088
0.081
0.084
0.081
0.08
0.08
0.08
0.082
0.08
0.079
0.082
0.077
0.073
0.072
0.069
0.079
0.074
0.07
0.078
0.078
0.073
0.072
0.069
0.071
0.071
0.069
0.072
0.073
0.067
0.068
0.08
0.08
0.083
0.08
0.08
0.08
0.079
0.086
0.079
0.085
0.081
0.081
0.082
0.08
0.084
0.081
0.079
0.082
0.078
0.081
0.079
0.08
0.08
0.08
0.083
0.085
0.079
0.086
0.079
0.083
0.08
0.078
0.084
0.08
0.084
0.08
0.08
0.081
0.079
0.081
0.081
0.079
0.083
0.08
0.082
0.082
0.081
0.083
0.079
0.081
0.081
0.079
0.081
0.08
0.079
0.08
0.079
0.082
0.079
0.082
0.087
0.08
0.084
0.082
0.082
0.081
0.079
0.084
0.079
0.081
0.083
0.081
0.08
0.08
0.082
0.081
0.08
0.082
0.082
0.079
0.087
0.079
0.08
0.071
0.065
0.073
0.064
0.066
0.071
0.07
0.071
0.075
0.079
0.079
0.082
0.079
0.082
0.081
0.079
0.082
0.079
0.082
0.079
0.079
0.08
0.079
0.08
0.079
0.079
0.08
0.079
0.08
0.08
0.078
0.082
0.083
0.079
0.081
0.08
0.08
0.079
0.081
0.083
0.079
0.083
0.079
0.082
0.08
0.079
0.08
0.08
0.079
0.086
0.08
0.079
0.071
0.067
0.072
0.072
0.07
0.074
0.07
0.067
0.073
0.066
0.068
0.073
0.07
0.072
0.072
0.075
0.08
0.08
0.08
0.081
0.079
0.079
0.08
0.08
0.08
0.08
0.081
0.079
0.072
0.078
0.079
0.083
0.079
0.079
0.081
0.079
0.083
0.083
0.08
0.08
0.079
0.079
0.08
0.079
0.079
0.079
0.079
0.08
0.079
0.08
0.08
0.081
0.08
0.079
0.08
0.079
0.081
0.081
0.079
0.079
0.08
0.079
0.079
0.079
0.08
0.08
0.08
0.08
0.08
0.083
0.082
0.079
0.085
0.08
0.081
0.082
0.079
0.081
0.079
0.079
0.08
0.079
0.079
0.079
0.08
0.078
0.08
0.079
0.079
0.079
0.081
0.079
0.084
0.076
0.079
0.08
0.08
0.08
0.08
0.079
0.078
0.08
0.079
0.081
0.079
0.08
0.079
0.08
0.08
0.078
0.079
0.081
0.079
0.079
0.077
0.072
0.073
0.065
0.057
0.066
0.07
0.069
0.075
0.065
0.072
0.081
0.079
0.081
0.082
0.079
0.083
0.081
0.082
0.079
0.08
0.08
0.08
0.08
0.079
0.079
0.082
0.079
0.084
0.081
0.078
0.089
0.084
0.082
0.079
0.081
0.08
0.079
0.083
0.078
0.06
0.065
0.07
0.065
0.071
0.068
0.066
0.07
0.066
0.058
0.08
0.08
0.08
0.087
0.079
0.08
0.079
0.08
0.08
0.079
0.08
0.079
0.079
0.08
0.08
0.08
0.08
0.08
0.082
0.079
0.08
0.08
0.08
0.081
0.079
0.079
0.08
0.079
0.082
0.08
0.08
0.08
0.079
0.079
0.079
0.079
0.083
0.079
0.08
0.079
0.081
0.08
0.079
0.081
0.08
0.078
0.08
0.079
0.079
0.079
0.079
0.081
0.08
0.079
0.09
0.08
0.083
0.078
0.08
0.08
0.079
0.087
0.079
0.081
0.08
0.078
0.08
0.08
0.079
0.079
0.079
0.079
0.079
0.08
0.083
0.08
0.08
0.079
0.079
0.081
0.079
0.079
0.081
0.08
0.079
0.08
0.079
0.08
0.079
0.081
0.082
0.079
0.081
0.079
0.083
0.076
0.079
0.082
0.079
0.079
0.08
0.081
0.079
0.077
0.07
0.071
0.067
0.07
0.075
0.057
0.058
0.072
0.069
0.076
0.08
0.079
0.081
0.081
0.08
0.08
0.079
0.082
0.079
0.081
0.081
0.079
0.082
0.082
0.082
0.085
0.077
0.076
0.078
0.08
0.08
0.079
0.081
0.079
0.081
0.082
0.081
0.081
0.079
0.079
0.085
0.079
0.084
0.08
0.079
0.082
0.081
0.081
0.079
0.078
0.084
0.079
0.082
0.081
0.08
0.082
0.079
0.08
0.081
0.08
0.082
0.08
0.081
0.08
0.079
0.083
0.08
0.08
0.084
0.08
0.081
0.08
0.08
0.08
0.08
0.084
0.079
0.079
0.085
0.079
0.081
0.08
0.078
0.087
0.078
0.084
0.08
0.079
0.08
0.079
0.079
0.083
0.079
0.083
0.081
0.08
0.086
0.081
0.082
0.081
0.08
0.081
0.079
0.083
0.079
0.08
0.08
0.078
0.081
0.08
0.079
0.083
0.079
0.084
0.08
0.081
0.083
0.08
0.081
0.08
0.079
0.082
0.079
0.08
0.081
0.079
0.082
0.079
0.081
0.081
0.079
0.085
0.079
0.083
0.08
0.079
0.081
0.08
0.082
0.079
0.08
0.08
0.08
0.079
0.079
0.08
